36.04414127
36.77215315
54.02582341
50.83323202
37.92529336
48.11986951
46.67741041
45.58085096
29.88812817
30.56628382
51.35125096
61.77479848
60.48831823
44.80384374
73.86469008
51.6693899
42.87369981
54.07697783
53.02151195
44.18818169
56.63867642
38.73816172
54.17429954
28.57237921
36.81550754
53.77370419
50.77417017
56.32087069
48.57881823
36.18419686
41.68615583
47.41316177
41.65106741
77.74085448
58.94020484
51.55234592
51.47807965
47.49765423
61.92648701
86.56809788
41.14465306
49.33966399
32.81650588
50.93479043
62.64593638
55.3867346
44.35497281
45.4763841
37.23439484
43.07106967
47.81589251
41.51466878
67.80932783
62.91239952
36.4789318
69.753376
32.37955401
56.29784969
31.31296508
45.45996933
51.43261204
51.40346741
48.75934193
31.8022113
43.60042785
59.4831816
50.53956201
48.43836725
61.71345519
44.62474647
40.84194086
44.52352853
60.10254217
54.05354301
47.22808024
43.38846033
61.26618046
62.45293968
52.09531107
41.1034759
28.52604364
47.20022748
64.29059216
49.72712922
53.59702821
29.50999045
53.83571774
44.05169362
44.75478526
44.7688049
38.33799877
30.48009741
90.41610273
68.09132117
57.34007982
57.04429112
46.61778566
43.37666585
45.50079042
61.78054604
43.20926151
32.18387606
40.43558807
52.59932371
76.99191324
55.4715296
40.17710379
50.52252076
47.58037815
36.06722442
57.82781301
49.31698588
58.578358
61.39799652
44.78056404
53.70775639
38.66966938
20.19354478
62.1061188
58.51883396
45.26080035
64.82125222
57.08773191
39.07727946
48.06611342
30.17006371
51.5162075
69.28174079
38.6859812
65.92701122
70.28304267
49.37011817
68.41113902
72.90893622
41.53861063
22.3562384
51.37610707
30.10833361
51.38291365
39.77597692
50.78425583
47.79305785
59.15583687
41.44729176
26.78370334
52.92948011
55.35452043
47.25683761
39.9592513
55.42838454
33.6987905
38.31507175
34.43857403
44.49060107
44.88248028
51.45545257
50.31606433
57.24267257
58.72936913
36.30226311
62.90226743
48.69158145
43.57401342
40.74423692
48.06363981
45.42054456
67.5668494
44.65677011
52.53140167
38.03652088
43.96399992
34.20493938
48.7881853
56.10424344
59.19928555
40.38747193
53.48163896
41.44450849
41.54750295
51.14925802
51.09419055
62.95237657
43.35489367
47.71750028
55.02561525
34.38283573
39.73291509
54.97779456
69.48405098
52.53939444
37.16249317
49.78265979
46.93567044
43.78580465
45.55022886
49.81265992
26.66096451
66.73778844
35.17133872
33.46214206
43.60866478
52.62473362
45.57222929
57.53126835
31.26442511
44.68817726
56.34092857
51.01950917
27.8089957
44.92992556
47.97584794
56.45161119
66.61869674
48.92017564
48.49874765
45.76948429
45.16261182
29.84236266
66.47409771
57.2467844
50.49289534
57.74230852
49.67040848
49.9121225
54.07609569
25.43693591
44.77857877
58.85021119
49.46129914
43.83288986
44.50763914
63.84958895
42.44801355
53.65436227
48.83001107
44.80699933
39.00269763
36.63349903
57.62436604
53.70514425
42.16058808
75.78891566
55.24469577
65.92717614
66.83072976
62.21002063
48.95401441
64.02220209
51.5375845
63.17709575
41.67145058
61.06579402
68.68012862
39.26628272
59.36825071
54.64667474
35.98075679
32.0265094
36.92004485
57.01566067
66.49938906
21.01059258
38.15435825
59.6475487
55.96314513
53.35104184
51.35550977
41.61026278
38.26576439
38.54993376
32.80894732
30.22383842
59.21921894
59.81882192
46.52819383
57.05112151
42.07392825
32.307981
67.13981901
51.27992209
68.32115733
57.10852363
61.05527616
62.00887574
49.45472477
53.90023873
50.42998653
53.31586936
39.56106228
52.69933716
42.83093203
34.95619072
45.34343527
35.51056726
62.41213316
44.36103044
43.80316274
50.21953701
57.17958194
36.83688633
55.15711668
57.1232341
43.48629214
55.14057704
39.27581144
45.91815318
28.85004228
52.2129535
44.96439968
49.78989917
59.80018512
41.69475655
53.32663508
36.6163469
52.57079987
56.80094743
40.1826394
58.83587351
45.85013638
38.07951071
44.58660329
48.10612416
54.98658296
53.72076559
30.66369671
67.61325555
77.26445437
53.07675866
52.90060804
44.65985621
45.73418047
43.60834814
51.71623203
70.79693354
57.99594231
53.12515466
49.29907984
45.43241173
44.34507712
60.8209041
48.22163742
45.89057432
44.42341734
73.28043403
44.1827444
42.09115184
56.21677549
55.06113144
57.03106126
72.39339655
46.26792405
40.52128051
60.82934493
53.77711864
43.6968405
41.52740937
53.33172516
54.70301187
36.75235272
25.49283668
37.81012006
50.12851049
55.60933049
53.17770281
36.86667834
50.83741881
71.60977319
50.55531468
51.11375033
42.28116564
49.11173093
61.28050757
61.30549366
48.07004661
55.54583573
41.85005351
30.01910554
48.92329453
72.72196766
34.32001771
54.57927599
46.88867844
48.15443952
46.65943056
69.96953346
48.28568337
51.27857282
61.90019896
64.22482585
56.62356794
56.16021973
51.40874581
44.81204993
48.71062058
46.93203013
44.96892762
47.32410592
73.39972255
44.81015807
45.8426809
55.70117887
37.10865328
41.20357488
48.86053629
60.29999011
41.58499441
41.48100793
49.12972672
32.70589641
48.34791269
59.48598115
41.04511777
51.45876666
51.1468536
35.49252988
50.69493049
58.01242748
50.29877798
40.74384061
37.81841029
53.98953808
56.31100213
34.34807491
50.44810645
45.87175978
54.04054828
57.90002811
57.97456516
62.16427151
49.12424917
50.66680502
37.06308492
47.91612607
56.24464263
56.96686806
57.51029579
66.29520762
29.19005317
40.81649982
37.2204505
47.56101495
54.74000891
43.41320725
55.29707976
35.85960453
46.14655995
19.37127567
47.53264321
34.79412542
51.50162479
70.11588755
50.483208
47.95457207
58.12935291
56.06957333
53.08816427
35.65278562
48.54848833
55.79077293
41.72524388
41.65354441
52.3088475
56.61074333
50.7275595
50.79141343
54.92914218
68.54445176
39.92846597
47.45278617
49.07802013
48.40994791
42.57849776
45.74790094
55.19793653
47.21193877
48.02463915
27.66984251
48.04722346
52.58660158
17.21169779
43.70016533
45.208567
50.60152484
62.11217851
56.36055603
54.04214158
33.71957093
39.42543315
37.5480581
37.67129941
45.92260939
43.18253885
34.46598117
44.67246747
39.44198714
54.07770296
58.28415687
26.08399148
55.31362447
62.93850065
34.87626257
36.74598735
51.42509246
51.59151206
33.54846638
48.36296687
35.21516951
57.39826051
32.23688942
48.14774634
60.03285777
74.89209412
59.75344015
43.16482757
57.59043231
31.53184971
48.21431851
52.79925242
53.82115539
40.20522239
60.74265461
60.14419553
33.92964477
54.1680522
63.64430968
53.36343389
57.20441819
45.7649299
42.45834537
38.37039046
45.69594937
33.02889354
41.66625744
46.53922855
48.60027779
49.23197216
51.64284353
43.59104539
51.39433772
42.71284533
60.66723541
61.87691361
60.46867733
39.86341376
43.94807225
41.18404196
48.12009099
34.64271945
49.5698433
46.7886992
57.71396498
37.11108306
52.87139651
61.83795227
41.06226951
37.44957535
40.25323937
9.008273232
39.40419526
41.56933725
50.26918611
49.51108277
62.9430701
71.68848948
36.00932505
48.32214565
65.41173627
57.21211267
46.11237125
50.93726638
34.35081518
21.31551098
50.58867917
59.83369622
38.86158261
52.54002607
43.56988003
46.16040919
46.62595148
51.59993658
47.2247737
45.82098682
73.21001028
40.51325737
54.46139332
55.7457477
53.57085524
39.54755699
46.46829966
65.2545128
49.25060258
68.7143033
56.76378247
61.29444659
43.52892929
39.17277371
53.53404667
45.26541942
68.07982187
64.4854781
58.01530618
55.11813987
53.27895745
41.43879661
49.30956077
46.18645706
47.40564659
56.24318007
55.39235451
58.16149479
57.98648653
46.0256951
49.97551002
34.00127565
49.17704602
49.25630076
46.0098244
37.99319666
52.99886362
62.18297371
48.72565606
59.4747343
50.68980821
39.69412169
51.50875686
44.96413576
52.71078027
33.05204206
42.75343386
62.78396832
51.33592725
49.07002411
47.35460343
37.29112585
48.8834064
69.55356249
53.34564745
26.29926048
54.10264615
50.25848625
34.23108477
54.86095525
55.08215685
64.34188346
27.93399212
59.26580204
61.40150009
41.30469147
54.97989035
59.6743384
58.33603157
53.10539744
42.76231627
72.18509292
61.49427707
74.37785015
49.17293253
47.58453787
48.69897813
54.81209154
39.55418063
36.27493071
67.75156352
37.73338224
65.39055475
78.29550551
42.28788362
48.81524953
50.62241583
55.34888745
27.59925688
46.77863614
50.64313333
56.55962162
41.34097921
50.03183489
43.79159812
48.88168646
51.57243984
65.37042554
54.53647172
43.52866784
41.83476151
56.4254127
44.92199313
65.22810783
55.00062463
38.24070081
32.73557235
49.28781121
50.44885201
41.79866726
44.79553598
59.74272893
52.71066506
42.59068005
38.46974953
47.25206573
49.38819398
66.09143344
51.0517475
34.14913277
56.16573832
39.01576374
48.09165003
36.63794645
51.69572099
59.93037956
48.48050419
62.98410403
65.70918202
52.90460869
45.20023545
48.15590716
35.34971572
40.7779819
38.77912878
56.79646552
44.00368815
53.99881321
50.91606731
58.85009841
47.38867187
48.56018687
45.70220824
63.37762903
62.07066894
69.02779747
46.89073111
50.9364497
47.2656831
49.51997563
58.76307733
35.59169545
39.09365341
61.80808514
57.45970476
48.46189892
45.57837119
52.47522633
52.29626721
48.47206844
39.55979234
45.96315296
36.60466996
66.99300656
42.82108403
44.32744533
55.25230577
40.8101301
44.90514939
58.95130156
48.10334748
40.76270252
43.09136459
49.81984129
49.0039707
53.03591389
61.5957197
39.2433076
50.64502581
35.64285001
43.79093109
56.07615172
44.61613339
55.97672659
63.90261703
26.85871351
51.18408211
28.90414691
58.16684118
53.26927504
43.45197148
61.46362111
43.18765011
60.28769245
70.45476397
66.36534696
63.42501375
49.54416193
53.94587593
46.43512145
45.87307787
43.46388284
57.31898383
44.384303
44.87897421
47.89996346
31.73711167
59.92483756
52.10436917
52.69188806
52.55935697
42.98170903
36.98114882
49.75956928
54.4042774
38.6656613
46.75009135
53.424755
35.34892909
27.35236095
40.93803576
31.47092758
52.44652941
56.32820419
46.12419151
38.49283943
65.37415544
52.22919989
37.25722216
36.81979652
37.49434136
57.33779567
45.25544687
59.02045269
45.64627323
49.09949583
65.65079195
30.4509065
46.2553489
56.71113783
55.94325398
48.28525407
33.99929638
44.39655543
40.08575126
47.88169568
43.49182764
45.96076045
51.38370503
51.5673101
52.95257265
50.38205234
34.81604388
34.14381535
47.9224875
70.67260348
40.75329398
50.10181062
61.0688738
43.4487667
37.67619139
60.7228219
43.37849092
47.68004688
48.1100621
56.95626508
29.69927127
49.8048379
49.83201788
49.09459816
49.89176734
45.33036071
42.47582186
46.48644389
39.96635852
59.57871642
69.95200227
56.04388756
51.82365901
46.97230062
49.35004185
55.21282707
55.42679272
52.74925922
64.13106737
44.44249054
57.76109276
27.2141989
63.2601771
49.39365396
52.3608091
64.57097591
42.11202598
64.77549621
55.69352453
49.57699409
62.36765006
47.04663077
61.26410181
43.76978284
42.20682257
45.8545421
64.50917309
37.4071751
33.41066683
55.17773521
41.577202
50.76680989
39.09660373
53.92726334
44.40143934
48.47915829
41.74125568
64.00000197
28.82562465
61.4791923
41.53382138
47.81835681
33.00739418
43.98783392
47.44483588
56.53637123
42.58417323
63.41929143
63.25311985
49.6821146
51.19086166
41.54728976
60.08721159
57.45443972
58.18964563
52.8448044
58.25151643
52.62387726
47.91842715
43.18192204
44.03470254
53.62675212
51.14626065
52.83946281
48.19184911
54.2040741
53.98246916
40.91667976
35.88847894
61.11414518
41.23444092
47.25356996
33.62472848
57.51858899
42.15663489
61.44591824
30.67561415
30.29893003
54.77050534
47.32446179
45.42114712
65.22326316
56.76064767
46.65616243
38.09629516
32.11830265
38.97349936
34.07386011
49.62760591
47.26094485
50.31151558
42.42693442
40.51827672
65.05457643
39.26150172
45.62960838
60.90196925
37.06561414
62.53055418
43.90219874
58.55320741
60.62657082
46.42078132
48.95744787
36.28561977
41.69224866
53.2940763
37.84097463
55.68449496
46.64785542
51.68278932
47.46172085
40.3393126
47.50060177
50.78421846
55.35411874
65.03728863
42.95927519
57.4691853
46.11064003
35.98930577
49.80867613
37.50329055
57.82920616
55.38073375
47.3059742
51.72874196
53.39864381
33.67520508
56.99526915
64.24772421
39.29593837
58.71120458
38.38987627
36.18980609
28.67666836
53.60633468
54.87092195
56.80001524
55.87470303
53.8309128
47.6257353
